1 /eos/user/r/rdfexp/ecal/cluster/overlap_gen4/cluster_en100.0_eta0.8_dR0.00_dPhi0.16_dZ20.00 5000 0.5 100.0 109.947420595 109.947620595 123.7999 123.8001 4156 5886 5109 7277 0.00 0.16 20.00 100.0
2 /eos/user/r/rdfexp/ecal/cluster/overlap_gen4/cluster_en100.0_eta2.0_dR20.00_dPhi0.23_dZ0.00 5000 0.5 100.0 316.9999 317.0001 87.4033190327 87.4035190327 7076 9880 7040 3370 20.00 0.23 0.00 100.0
3 /eos/user/r/rdfexp/ecal/cluster/overlap_gen4/cluster_en100.0_eta0.8_dR0.00_dPhi0.16_dZ20.00 5000 0.5 100.0 109.947420595 109.947620595 123.7999 123.8001 2877 4849 785 4157 0.00 0.16 20.00 100.0
4 /eos/user/r/rdfexp/ecal/cluster/overlap_gen4/cluster_en100.0_eta2.0_dR20.00_dPhi0.23_dZ0.00 5000 0.5 100.0 316.9999 317.0001 87.4033190327 87.4035190327 2574 2246 6577 297 20.00 0.23 0.00 100.0
5 /eos/user/r/rdfexp/ecal/cluster/overlap_gen4/cluster_en100.0_eta0.8_dR0.00_dPhi0.16_dZ20.00 5000 0.5 100.0 109.947420595 109.947620595 123.7999 123.8001 676 3107 7486 6597 0.00 0.16 20.00 100.0
6 /eos/user/r/rdfexp/ecal/cluster/overlap_gen4/cluster_en100.0_eta2.0_dR20.00_dPhi0.23_dZ0.00 5000 0.5 100.0 316.9999 317.0001 87.4033190327 87.4035190327 3587 3402 8973 6584 20.00 0.23 0.00 100.0
7 /eos/user/r/rdfexp/ecal/cluster/overlap_gen4/cluster_en100.0_eta0.8_dR0.00_dPhi0.16_dZ20.00 5000 0.5 100.0 109.947420595 109.947620595 123.7999 123.8001 8532 6577 9307 1787 0.00 0.16 20.00 100.0
8 /eos/user/r/rdfexp/ecal/cluster/overlap_gen4/cluster_en100.0_eta2.0_dR20.00_dPhi0.23_dZ0.00 5000 0.5 100.0 316.9999 317.0001 87.4033190327 87.4035190327 8276 8007 8467 6387 20.00 0.23 0.00 100.0
9 /eos/user/r/rdfexp/ecal/cluster/overlap_gen4/cluster_en100.0_eta0.8_dR0.00_dPhi0.16_dZ20.00 5000 0.5 100.0 109.947420595 109.947620595 123.7999 123.8001 6727 895 1848 8703 0.00 0.16 20.00 100.0
10 /eos/user/r/rdfexp/ecal/cluster/overlap_gen4/cluster_en100.0_eta2.0_dR20.00_dPhi0.23_dZ0.00 5000 0.5 100.0 316.9999 317.0001 87.4033190327 87.4035190327 9655 8825 7504 9309 20.00 0.23 0.00 100.0
11 /eos/user/r/rdfexp/ecal/cluster/overlap_gen4/cluster_en100.0_eta0.8_dR0.00_dPhi0.16_dZ20.00 5000 0.5 100.0 109.947420595 109.947620595 123.7999 123.8001 4136 3734 7052 1104 0.00 0.16 20.00 100.0
12 /eos/user/r/rdfexp/ecal/cluster/overlap_gen4/cluster_en100.0_eta2.0_dR20.00_dPhi0.23_dZ0.00 5000 0.5 100.0 316.9999 317.0001 87.4033190327 87.4035190327 2214 6600 9231 7163 20.00 0.23 0.00 100.0